[gd_scene load_steps=13 format=3 uid="uid://cuu10oye4n6ly"]

[ext_resource type="Script" path="res://scripts/main_menu.gd" id="1_5mttp"]
[ext_resource type="Environment" uid="uid://bqnqgflivjvue" path="res://scenes/main-environment.tres" id="2_n5n8j"]
[ext_resource type="PackedScene" uid="uid://cnymdajj1vsqm" path="res://objects/platform.tscn" id="3_u47nq"]
[ext_resource type="PackedScene" uid="uid://rjh4ifidqrfp" path="res://objects/platform_medium.tscn" id="4_2lqxo"]
[ext_resource type="PackedScene" uid="uid://c8up71en5djgm" path="res://objects/platform_falling.tscn" id="5_jddil"]
[ext_resource type="PackedScene" uid="uid://uqr4hswv6d2g" path="res://objects/platform_grass_large_round.tscn" id="6_0m45y"]
[ext_resource type="PackedScene" uid="uid://dtjvjdjl8cs6e" path="res://models/flag.glb" id="7_h3fjo"]
[ext_resource type="PackedScene" uid="uid://dfpisimsgf5ce" path="res://objects/coin.tscn" id="8_hy6lv"]
[ext_resource type="PackedScene" uid="uid://dy017k58p20sk" path="res://objects/cloud.tscn" id="9_tu7s6"]
[ext_resource type="FontFile" uid="uid://d0cxd77jybrcn" path="res://fonts/lilita_one_regular.ttf" id="10_25i01"]

[sub_resource type="Theme" id="Theme_ii0xx"]

[sub_resource type="LabelSettings" id="LabelSettings_q84r4"]
font = ExtResource("10_25i01")
font_size = 120
outline_size = 20
outline_color = Color(0, 0, 0, 1)
shadow_size = 20
shadow_color = Color(0.101961, 0.101961, 0.101961, 1)
shadow_offset = Vector2(20, 10)

[node name="MainMenu" type="Node"]
script = ExtResource("1_5mttp")

[node name="Pivot" type="Node3D" parent="."]
transform = Transform3D(1, 0, 0, 0, 1, 0, 0, 0, 1, -8.97238, 0, -2.88688)

[node name="Camera3D" type="Camera3D" parent="Pivot"]
transform = Transform3D(1, 0, 0, 0, 0.906308, 0.422618, 0, -0.422618, 0.906308, 0, 6.71849, 16.7261)

[node name="Environment" type="WorldEnvironment" parent="."]
environment = ExtResource("2_n5n8j")

[node name="World" type="Node3D" parent="."]

[node name="platform" parent="World" instance=ExtResource("3_u47nq")]
transform = Transform3D(0.993085, 0, -0.117399, 0, 1, 0, 0.117399, 0, 0.993085, 0, 0, 0)

[node name="platform4" parent="World" instance=ExtResource("3_u47nq")]
transform = Transform3D(0.993085, 0, -0.117399, 0, 1, 0, 0.117399, 0, 0.993085, -15, 0, 4)

[node name="platform2" parent="World" instance=ExtResource("3_u47nq")]
transform = Transform3D(1, 0, 0, 0, 1, 0, 0, 0, 1, -3, 2, -3)

[node name="platform3" parent="World" instance=ExtResource("3_u47nq")]
transform = Transform3D(0.966237, 0, -0.257656, 0, 1, 0, 0.257656, 0, 0.966237, -3, 3, -5)

[node name="platform-medium" parent="World" instance=ExtResource("4_2lqxo")]
transform = Transform3D(0.996134, 0, 0.0878512, 0, 1, 0, -0.0878512, 0, 0.996134, -3, 0, 0)

[node name="platform-medium2" parent="World" instance=ExtResource("4_2lqxo")]
transform = Transform3D(0.995121, 0, 0.0986598, 0, 1, 0, -0.0986598, 0, 0.995121, -5, 0, 4)

[node name="platform-medium4" parent="World" instance=ExtResource("4_2lqxo")]
transform = Transform3D(0.929796, 0, -0.368076, 0, 1, 0, 0.368076, 0, 0.929796, -14.9422, 0.991941, 0.128304)

[node name="platform-medium3" parent="World" instance=ExtResource("4_2lqxo")]
transform = Transform3D(1, 0, 0, 0, 1, 0, 0, 0, 1, 0, 3, -6)

[node name="platform-falling" parent="World" instance=ExtResource("5_jddil")]
transform = Transform3D(0.984808, 0, 0.173648, 0, 1, 0, -0.173648, 0, 0.984808, -9, 0.419294, 4)

[node name="platform-falling2" parent="World" instance=ExtResource("5_jddil")]
transform = Transform3D(0.994522, 0, -0.104528, 0, 1, 0, 0.104528, 0, 0.994522, -12, -0.315063, 4)

[node name="platform-falling3" parent="World" instance=ExtResource("5_jddil")]
transform = Transform3D(0.939693, 0, 0.34202, 0, 1, 0, -0.34202, 0, 0.939693, -11.7527, 1.8303, -2.30579)

[node name="platform-grass-large-round" parent="World" instance=ExtResource("6_0m45y")]
transform = Transform3D(1, 0, 0, 0, 1, 0, 0, 0, 1, -7, 1, -2)

[node name="flag" parent="World" instance=ExtResource("7_h3fjo")]
transform = Transform3D(0.707107, 0, -0.707107, 0, 1, 0, 0.707107, 0, 0.707107, 0, 3.48077, -6)

[node name="coin" parent="World" instance=ExtResource("8_hy6lv")]
transform = Transform3D(1, 0, 0, 0, 1, 0, 0, 0, 1, -3, 0.635, 0)

[node name="coin10" parent="World" instance=ExtResource("8_hy6lv")]
transform = Transform3D(1, 0, 0, 0, 1, 0, 0, 0, 1, -5, 0.635, 4)

[node name="coin2" parent="World" instance=ExtResource("8_hy6lv")]
transform = Transform3D(1, 0, 0, 0, 1, 0, 0, 0, 1, -7.0437, 1.97005, -0.33003)

[node name="coin3" parent="World" instance=ExtResource("8_hy6lv")]
transform = Transform3D(1, 0, 0, 0, 1, 0, 0, 0, 1, -7.0437, 1.97005, -1.33003)

[node name="coin5" parent="World" instance=ExtResource("8_hy6lv")]
transform = Transform3D(1, 0, 0, 0, 1, 0, 0, 0, 1, -11.7731, 2.54941, -2.28223)

[node name="coin6" parent="World" instance=ExtResource("8_hy6lv")]
transform = Transform3D(1, 0, 0, 0, 1, 0, 0, 0, 1, -14.8111, 1.6888, 0.328574)

[node name="coin7" parent="World" instance=ExtResource("8_hy6lv")]
transform = Transform3D(1, 0, 0, 0, 1, 0, 0, 0, 1, -14.8111, 2.6888, 0.328574)

[node name="coin8" parent="World" instance=ExtResource("8_hy6lv")]
transform = Transform3D(1, 0, 0, 0, 1, 0, 0, 0, 1, -14.9647, 0.801836, 3.99354)

[node name="coin9" parent="World" instance=ExtResource("8_hy6lv")]
transform = Transform3D(1, 0, 0, 0, 1, 0, 0, 0, 1, 0, 5, -6)

[node name="coin4" parent="World" instance=ExtResource("8_hy6lv")]
transform = Transform3D(1, 0, 0, 0, 1, 0, 0, 0, 1, -7.0437, 1.97005, -2.33003)

[node name="cube8" parent="World" instance=ExtResource("9_tu7s6")]
transform = Transform3D(1, 0, 0, 0, 1, 0, 0, 0, 1, 1.5495, 1.10741, -2.666)

[node name="cube9" parent="World" instance=ExtResource("9_tu7s6")]
transform = Transform3D(1.27593, -0.401864, 0.422933, 0.471408, 1.30937, -0.178025, -0.343721, 0.304009, 1.32582, 3.33538, 1.37146, -4.1932)

[node name="cube10" parent="World" instance=ExtResource("9_tu7s6")]
transform = Transform3D(1.32811, 0.370441, 0.259369, -0.293866, 1.3186, -0.37854, -0.34372, 0.30401, 1.32582, -10.5752, 2.03819, -7.93707)

[node name="cube11" parent="World" instance=ExtResource("9_tu7s6")]
transform = Transform3D(0.476646, 0.924607, 0.941422, -0.929853, 0.945559, -0.457882, -0.93624, -0.468385, 0.934042, -11.1815, 2.03819, 9.2812)

[node name="cube12" parent="World" instance=ExtResource("9_tu7s6")]
transform = Transform3D(-1.02876, -0.695523, 0.652886, -0.929853, 0.945557, -0.457881, -0.213027, -0.768461, -1.15432, -10.9158, 2.79508, 11.515)

[node name="cube13" parent="World" instance=ExtResource("9_tu7s6")]
transform = Transform3D(1.56209, -1.37982, 1.71508, 1.97375, 1.80907, -0.342241, -0.974547, 1.4522, 2.05595, -14.3045, 2.03819, -8.24191)

[node name="cube14" parent="World" instance=ExtResource("9_tu7s6")]
transform = Transform3D(1.56209, -1.37982, 1.71508, 1.97375, 1.80907, -0.342241, -0.974547, 1.4522, 2.05595, -15.866, 2.03819, 7.83702)

[node name="Sun" type="DirectionalLight3D" parent="."]
transform = Transform3D(-0.422618, -0.694272, 0.582563, 0, 0.642788, 0.766044, -0.906308, 0.323744, -0.271654, 0, 0, 0)
shadow_enabled = true
shadow_opacity = 0.75

[node name="UI" type="Control" parent="."]
layout_mode = 3
anchor_top = 0.679
anchor_right = 1.0
anchor_bottom = 1.0
offset_top = -488.88
offset_right = -1280.0
offset_bottom = -720.0
grow_horizontal = 2
grow_vertical = 2
theme = SubResource("Theme_ii0xx")

[node name="Title" type="Label" parent="UI"]
layout_mode = 0
offset_left = 290.0
offset_top = 50.0
offset_right = 990.0
offset_bottom = 190.0
text = "Quest To Best"
label_settings = SubResource("LabelSettings_q84r4")

[node name="Button" type="Button" parent="UI"]
layout_mode = 2
offset_left = 390.0
offset_top = 400.0
offset_right = 890.0
offset_bottom = 450.0
text = "Start"

[node name="Button2" type="Button" parent="UI"]
layout_mode = 2
offset_left = 390.0
offset_top = 500.0
offset_right = 890.0
offset_bottom = 550.0
text = "Leaderboard"

[node name="Button3" type="Button" parent="UI"]
layout_mode = 2
offset_left = 390.0
offset_top = 600.0
offset_right = 890.0
offset_bottom = 650.0
text = "Quit"

[connection signal="pressed" from="UI/Button" to="." method="_on_button_pressed"]
[connection signal="pressed" from="UI/Button2" to="." method="_on_button_2_pressed"]
[connection signal="pressed" from="UI/Button3" to="." method="_on_button_3_pressed"]
