[gd_scene load_steps=29 format=3 uid="uid://bqqgyqafm7xwp"]

[ext_resource type="PackedScene" uid="uid://dl2ed4gkybggf" path="res://objects/player.tscn" id="2_onms2"]
[ext_resource type="PackedScene" uid="uid://cnymdajj1vsqm" path="res://objects/platform.tscn" id="6_sdmev"]
[ext_resource type="PackedScene" uid="uid://bj3xsp2pt8bgu" path="res://scenes/obstacles/reflective_glass.tscn" id="7_8urhj"]
[ext_resource type="PackedScene" uid="uid://rjh4ifidqrfp" path="res://objects/platform_medium.tscn" id="7_ixpj3"]
[ext_resource type="PackedScene" uid="uid://uqr4hswv6d2g" path="res://objects/platform_grass_large_round.tscn" id="8_4oh1e"]
[ext_resource type="PackedScene" uid="uid://bopw1pwuj7cbb" path="res://scenes/obstacles/spike_floor.tscn" id="8_rv373"]
[ext_resource type="PackedScene" uid="uid://c8up71en5djgm" path="res://objects/platform_falling.tscn" id="9_2fnpo"]
[ext_resource type="PackedScene" uid="uid://8vakd6312emy" path="res://scenes/obstacles/spike_wall.tscn" id="9_3tvs6"]
[ext_resource type="PackedScene" uid="uid://bfrrise2f4t30" path="res://scenes/obstacles/lava.tscn" id="10_5daeh"]
[ext_resource type="PackedScene" uid="uid://dfpisimsgf5ce" path="res://objects/coin.tscn" id="10_fwhys"]
[ext_resource type="PackedScene" uid="uid://blw6u6dq040mw" path="res://scenes/obstacles/big_spike.tscn" id="11_0po40"]
[ext_resource type="Script" path="res://scripts/hud.gd" id="11_apvpm"]
[ext_resource type="PackedScene" uid="uid://dy017k58p20sk" path="res://objects/cloud.tscn" id="13_drtpy"]
[ext_resource type="Texture2D" uid="uid://cd7oyc56ehkx1" path="res://sprites/coin.png" id="13_jfda3"]
[ext_resource type="Script" path="res://scripts/Panel.cs" id="14_3eddf"]
[ext_resource type="FontFile" uid="uid://j1s8knqa1441" path="res://fonts/Summer Concert.otf" id="15_kb6nn"]
[ext_resource type="Script" path="res://database/DatabaseConnector.cs" id="16_nab4b"]
[ext_resource type="FontFile" uid="uid://d0cxd77jybrcn" path="res://fonts/lilita_one_regular.ttf" id="17_tk810"]
[ext_resource type="PackedScene" uid="uid://dkgmti3yrulmd" path="res://scenes/flag.tscn" id="19_76j1m"]
[ext_resource type="PackedScene" uid="uid://dm8pvocqm3cpo" path="res://enemies/stationary.tscn" id="20_y2gfc"]

[sub_resource type="ImageTexture" id="ImageTexture_jjfum"]

[sub_resource type="ProceduralSkyMaterial" id="ProceduralSkyMaterial_6d1os"]
sky_top_color = Color(0.579786, 0.815556, 0.963741, 1)
sky_horizon_color = Color(1, 1, 1, 1)
sky_curve = 0.5
sky_energy_multiplier = 1.5
sky_cover = SubResource("ImageTexture_jjfum")
ground_bottom_color = Color(0.294365, 0.608898, 0.617557, 1)
ground_horizon_color = Color(1, 1, 1, 1)
ground_curve = 0.1
ground_energy_multiplier = 1.5

[sub_resource type="Sky" id="Sky_qbvm0"]
sky_material = SubResource("ProceduralSkyMaterial_6d1os")

[sub_resource type="Environment" id="Environment_525fm"]
background_mode = 2
sky = SubResource("Sky_qbvm0")
volumetric_fog_enabled = true
volumetric_fog_density = 0.01

[sub_resource type="LabelSettings" id="LabelSettings_38ys3"]
font = ExtResource("17_tk810")
font_size = 48
shadow_color = Color(0, 0, 0, 0.376471)
shadow_offset = Vector2(2, 2)

[sub_resource type="LabelSettings" id="LabelSettings_unvk1"]
font = ExtResource("15_kb6nn")
font_size = 90

[sub_resource type="LabelSettings" id="LabelSettings_626k1"]
font = ExtResource("15_kb6nn")
font_size = 90

[sub_resource type="LabelSettings" id="LabelSettings_jycgk"]
font = ExtResource("15_kb6nn")
font_size = 90

[node name="Main" type="Node3D"]

[node name="Environment" type="WorldEnvironment" parent="."]
environment = SubResource("Environment_525fm")

[node name="Player" parent="." instance=ExtResource("2_onms2")]
transform = Transform3D(-0.400749, -0.0150944, 0.916064, 0, 0.999864, 0.0164752, -0.916188, 0.0066024, -0.400694, 12.2063, 2.9647, 1.61821)
airAcceleration = 15.0
burstSpeed = 250.0

[node name="World" type="Node3D" parent="."]

[node name="Platforms" type="Node" parent="World"]

[node name="platform5" parent="World/Platforms" instance=ExtResource("6_sdmev")]
transform = Transform3D(0.977068, 0, 0.212928, 0, 1, 0, -0.212928, 0, 0.977068, 2.54008, 6.93568, -16.0985)

[node name="platform6" parent="World/Platforms" instance=ExtResource("6_sdmev")]
transform = Transform3D(0.977875, 0, 0.209192, 0, 1, 0, -0.209192, 0, 0.977875, -0.608285, 6.38341, -14.5456)

[node name="platform4" parent="World/Platforms" instance=ExtResource("6_sdmev")]
transform = Transform3D(0.993085, 0, -0.117399, 0, 1, 0, 0.117399, 0, 0.993085, -14.7355, 3.40857, 4)

[node name="platform2" parent="World/Platforms" instance=ExtResource("6_sdmev")]
transform = Transform3D(0.510813, 0, -0.859692, 0, 1, 0, 0.859692, 0, 0.510813, 9.10901, 6.32157, 19.1037)

[node name="platform3" parent="World/Platforms" instance=ExtResource("6_sdmev")]
transform = Transform3D(0.997127, 0, 0.0757442, 0, 1, 0, -0.0757442, 0, 0.997127, -3.78341, 6.52277, -10.4382)

[node name="platform-medium" parent="World/Platforms" instance=ExtResource("7_ixpj3")]
transform = Transform3D(0.996134, 0, 0.0878512, 0, 1, 0, -0.0878512, 0, 0.996134, 0.306501, 2.74608, 4.74201)

[node name="platform-medium2" parent="World/Platforms" instance=ExtResource("7_ixpj3")]
transform = Transform3D(0.995121, 0, 0.0986598, 0, 1, 0, -0.0986598, 0, 0.995121, -3.89783, 3.40857, 5.89573)

[node name="platform-medium6" parent="World/Platforms" instance=ExtResource("7_ixpj3")]
transform = Transform3D(0.995121, 0, 0.0986598, 0, 1, 0, -0.0986598, 0, 0.995121, -0.719852, 6.06027, 16.3876)

[node name="platform-medium7" parent="World/Platforms" instance=ExtResource("7_ixpj3")]
transform = Transform3D(0.995104, -0.00586427, 0.0986581, 0.00583566, 0.999983, 0.000578568, -0.0986598, 0, 0.995121, 3.85756, 6.78387, 16.5197)

[node name="platform-medium8" parent="World/Platforms" instance=ExtResource("7_ixpj3")]
transform = Transform3D(0.995121, 0, 0.0986598, 0, 1, 0, -0.0986598, 0, 0.995121, 5.6379, 8.79307, 20.6135)

[node name="platform-medium9" parent="World/Platforms" instance=ExtResource("7_ixpj3")]
transform = Transform3D(0.995121, 0, 0.0986598, 0, 1, 0, -0.0986598, 0, 0.995121, 0.801228, 8.18157, 19.9112)

[node name="platform-medium5" parent="World/Platforms" instance=ExtResource("7_ixpj3")]
transform = Transform3D(0.995121, 0, 0.0986598, 0, 1, 0, -0.0986598, 0, 0.995121, -4.41438, 5.76837, -13.846)

[node name="platform-medium4" parent="World/Platforms" instance=ExtResource("7_ixpj3")]
transform = Transform3D(0.929796, 0, -0.368076, 0, 1, 0, 0.368076, 0, 0.929796, -14.9422, 4.40047, 0.128304)

[node name="platform-medium3" parent="World/Platforms" instance=ExtResource("7_ixpj3")]
transform = Transform3D(0.948656, 0, 0.316311, 0, 1, 0, -0.316311, 0, 0.948656, 2.91735, 8.78863, -29.2502)

[node name="platform-falling" parent="World/Platforms" instance=ExtResource("9_2fnpo")]
transform = Transform3D(0.984808, 0, 0.173648, 0, 1, 0, -0.173648, 0, 0.984808, -7.80966, 3.82787, 6.29251)

[node name="platform-falling7" parent="World/Platforms" instance=ExtResource("9_2fnpo")]
transform = Transform3D(0.984808, 0, 0.173648, 0, 1, 0, -0.173648, 0, 0.984808, -1.98789, 4.24287, 9.52208)

[node name="platform-falling8" parent="World/Platforms" instance=ExtResource("9_2fnpo")]
transform = Transform3D(0.984808, 0, 0.173648, 0, 1, 0, -0.173648, 0, 0.984808, -0.79834, 5.12177, 12.7142)

[node name="platform-falling2" parent="World/Platforms" instance=ExtResource("9_2fnpo")]
transform = Transform3D(0.98371, 0, 0.179764, 0, 1, 0, -0.179764, 0, 0.98371, 3.27597, 7.27244, -19.2968)

[node name="platform-falling5" parent="World/Platforms" instance=ExtResource("9_2fnpo")]
transform = Transform3D(0.983944, 0, 0.178476, 0, 1, 0, -0.178476, 0, 0.983944, 3.5007, 7.80137, -22.5728)

[node name="platform-falling6" parent="World/Platforms" instance=ExtResource("9_2fnpo")]
transform = Transform3D(0.969991, 0, 0.243141, 0, 1, 0, -0.243141, 0, 0.969991, 3.44995, 8.298, -25.7336)

[node name="platform-falling4" parent="World/Platforms" instance=ExtResource("9_2fnpo")]
transform = Transform3D(0.994522, 0, -0.104528, 0, 1, 0, 0.104528, 0, 0.994522, -11.4269, 3.09327, 5.19034)

[node name="platform-falling3" parent="World/Platforms" instance=ExtResource("9_2fnpo")]
transform = Transform3D(0.939693, 0, 0.34202, 0, 1, 0, -0.34202, 0, 0.939693, -11.7527, 5.23887, -2.30579)

[node name="platform-grass-large-round" parent="World/Platforms" instance=ExtResource("8_4oh1e")]
transform = Transform3D(1, 0, 0, 0, 1, 0, 0, 0, 1, -8.77283, 4.84687, -5.60818)

[node name="platform7" parent="World/Platforms" instance=ExtResource("6_sdmev")]
transform = Transform3D(0.357618, 0, -0.933869, 0, 1, 0, 0.933869, 0, 0.357618, -1.02739, 9.07443, -28.9828)

[node name="platform-medium10" parent="World/Platforms" instance=ExtResource("7_ixpj3")]
transform = Transform3D(0.943293, 0, 0.331964, 0, 1, 0, -0.331964, 0, 0.943293, -22.5959, 12.8349, -49.107)

[node name="platform-medium11" parent="World/Platforms" instance=ExtResource("7_ixpj3")]
transform = Transform3D(0.611357, -0.00803217, -0.791314, -0.0057879, 0.999876, -0.0146208, 0.791334, 0.0135186, 0.611235, -4.80586, 10.9667, -40.4234)

[node name="platform8" parent="World/Platforms" instance=ExtResource("6_sdmev")]
transform = Transform3D(0.858706, 0.00445629, 0.512449, -0.00544592, 0.999985, 0.000429753, -0.512438, -0.00315978, 0.858718, -29.3641, 13.0817, -45.9136)

[node name="platform-grass-large-round2" parent="World/Platforms" instance=ExtResource("8_4oh1e")]
transform = Transform3D(0.966313, 0, -0.257369, 0, 1, 0, 0.257369, 0, 0.966313, -2.81619, 8.85747, -32.7288)

[node name="platform9" parent="World/Platforms" instance=ExtResource("6_sdmev")]
transform = Transform3D(0.908458, 0, 0.417978, 0, 1, 0, -0.417978, 0, 0.908458, -3.03289, 9.91778, -37.1214)

[node name="platform-medium12" parent="World/Platforms" instance=ExtResource("7_ixpj3")]
transform = Transform3D(0.713464, -0.00611564, -0.700666, -0.0057879, 0.999876, -0.0146208, 0.700667, 0.0144868, 0.71334, -7.80266, 11.6588, -43.3953)

[node name="platform-medium13" parent="World/Platforms" instance=ExtResource("7_ixpj3")]
transform = Transform3D(0.871872, 0.0122059, 0.489583, -0.0057879, 0.999876, -0.0146208, -0.4897, 0.00991383, 0.871834, -26.1666, 13.0248, -47.0305)

[node name="platform-grass-large-round3" parent="World/Platforms" instance=ExtResource("8_4oh1e")]
transform = Transform3D(0.966313, 0, -0.257369, 0, 1, 0, 0.257369, 0, 0.966313, -29.3725, 13.2555, -41.677)

[node name="platform10" parent="World/Platforms" instance=ExtResource("6_sdmev")]
transform = Transform3D(0.951691, 0, -0.307058, 0, 1, 0, 0.307058, 0, 0.951691, -4.58429, 5.70087, -7.33192)

[node name="platform-grass-large-round4" parent="World/Platforms" instance=ExtResource("8_4oh1e")]
transform = Transform3D(0.945887, 0, 0.324495, 0, 1, 0, -0.324495, 0, 0.945887, 17.5902, 2.87731, 6.57806)

[node name="platform11" parent="World/Platforms" instance=ExtResource("6_sdmev")]
transform = Transform3D(0.702178, 0, -0.712002, 0, 1, 0, 0.712002, 0, 0.702178, 11.9346, 4.77503, 16.8599)

[node name="platform12" parent="World/Platforms" instance=ExtResource("6_sdmev")]
transform = Transform3D(0.575105, 0, 0.818079, 0, 1, 0, -0.818079, 0, 0.575105, 14.0384, 3.98395, 14.2136)

[node name="platform-grass-large-round5" parent="World/Platforms" instance=ExtResource("8_4oh1e")]
transform = Transform3D(1.41883, 0, 0.486743, 0, 1.5, 0, -0.486743, 0, 1.41883, 19.3612, 2.04207, 2.19767)

[node name="platform-medium14" parent="World/Platforms" instance=ExtResource("7_ixpj3")]
transform = Transform3D(0.850279, 0, 0.526332, 0, 1, 0, -0.526332, 0, 0.850279, -42.1094, 16.5811, -30.6545)

[node name="platform-medium15" parent="World/Platforms" instance=ExtResource("7_ixpj3")]
transform = Transform3D(0.592279, 0.0152083, 0.80559, -0.0057879, 0.999876, -0.0146208, -0.805712, 0.00399691, 0.592293, -36.3712, 15.4983, -35.9716)

[node name="platform13" parent="World/Platforms" instance=ExtResource("6_sdmev")]
transform = Transform3D(0.799496, 0.00409591, 0.600658, -0.00544592, 0.999985, 0.000429753, -0.600647, -0.00361472, 0.799506, -46.733, 17.97, -25.885)

[node name="platform14" parent="World/Platforms" instance=ExtResource("6_sdmev")]
transform = Transform3D(0.56406, 0, 0.825734, 0, 1, 0, -0.825734, 0, 0.56406, -32.13, 14.4262, -37.9167)

[node name="platform-medium16" parent="World/Platforms" instance=ExtResource("7_ixpj3")]
transform = Transform3D(0.407153, 0.0157106, 0.913225, -0.0057879, 0.999876, -0.0146208, -0.913341, 0.000667295, 0.407195, -36.8229, 15.9903, -31.367)

[node name="platform-medium17" parent="World/Platforms" instance=ExtResource("7_ixpj3")]
transform = Transform3D(0.582122, 0.0152573, 0.812959, -0.0057879, 0.999876, -0.0146208, -0.813081, 0.00380579, 0.582137, -41.9232, 17.02, -25.3251)

[node name="platform-grass-large-round6" parent="World/Platforms" instance=ExtResource("8_4oh1e")]
transform = Transform3D(0.749776, 0, 0.661691, 0, 1, 0, -0.661691, 0, 0.749776, -50.1895, 18.3405, -23.0744)

[node name="platform15" parent="World/Platforms" instance=ExtResource("6_sdmev")]
transform = Transform3D(-0.874281, 0, -0.48542, 0, 1, 0, 0.48542, 0, -0.874281, -56.0526, 21.7673, 5.55479)

[node name="platform16" parent="World/Platforms" instance=ExtResource("6_sdmev")]
transform = Transform3D(-0.874281, 0, -0.48542, 0, 1, 0, 0.48542, 0, -0.874281, -53.1806, 21.4458, 3.23025)

[node name="platform17" parent="World/Platforms" instance=ExtResource("6_sdmev")]
transform = Transform3D(-0.902759, 0, -0.430149, 0, 1, 0, 0.430149, 0, -0.902759, -53.5813, 20.6911, -3.78493)

[node name="platform-medium18" parent="World/Platforms" instance=ExtResource("7_ixpj3")]
transform = Transform3D(-0.966286, 0, -0.25747, 0, 1, 0, 0.25747, 0, -0.966286, -52.2035, 20.8733, -0.199856)

[node name="platform-medium19" parent="World/Platforms" instance=ExtResource("7_ixpj3")]
transform = Transform3D(-0.96951, 0, -0.245054, 0, 1, 0, 0.245054, 0, -0.96951, -51.016, 18.7569, -17.8315)

[node name="platform-medium20" parent="World/Platforms" instance=ExtResource("7_ixpj3")]
transform = Transform3D(0.0812429, 0, -0.996694, 0, 1, 0, 0.996694, 0, 0.0812429, -25.7846, 37.6222, 35.9081)

[node name="platform-falling9" parent="World/Platforms" instance=ExtResource("9_2fnpo")]
transform = Transform3D(-0.405524, 0, -0.914084, 0, 1, 0, 0.914084, 0, -0.405524, -73.5586, 32.4305, 41.3981)

[node name="platform-falling10" parent="World/Platforms" instance=ExtResource("9_2fnpo")]
transform = Transform3D(-0.405524, 0, -0.914084, 0, 1, 0, 0.914084, 0, -0.405524, -70.9551, 32.7196, 43.1732)

[node name="platform-falling11" parent="World/Platforms" instance=ExtResource("9_2fnpo")]
transform = Transform3D(-0.405475, -0.0155852, -0.913973, -0.00632016, 0.999879, -0.0142461, 0.914084, 0, -0.405524, -68.4586, 33.1011, 45.0869)

[node name="platform-falling12" parent="World/Platforms" instance=ExtResource("9_2fnpo")]
transform = Transform3D(-0.562343, 0, -0.826904, 0, 1, 0, 0.826904, 0, -0.562343, -52.1803, 19.5953, -13.9919)

[node name="platform-grass-large-round7" parent="World/Platforms" instance=ExtResource("8_4oh1e")]
transform = Transform3D(-0.811248, 0, -0.584703, 0, 1, 0, 0.584703, 0, -0.811248, -52.6668, 19.2034, -9.57052)

[node name="platform18" parent="World/Platforms" instance=ExtResource("6_sdmev")]
transform = Transform3D(-0.811248, 0, -0.584703, 0, 1, 0, 0.584703, 0, -0.811248, -55.327, 19.6947, -6.42046)

[node name="platform19" parent="World/Platforms" instance=ExtResource("6_sdmev")]
transform = Transform3D(-0.149863, 0, 0.988707, 0, 1, 0, -0.988707, 0, -0.149863, -65.769, 33.3205, 46.8699)

[node name="platform20" parent="World/Platforms" instance=ExtResource("6_sdmev")]
transform = Transform3D(-0.245764, 0, 0.969329, 0, 1, 0, -0.969329, 0, -0.245764, -65.1379, 33.9421, 50.5104)

[node name="platform21" parent="World/Platforms" instance=ExtResource("6_sdmev")]
transform = Transform3D(0.00193727, 0, 0.999998, 0, 1, 0, -0.999998, 0, 0.00193727, -43.9763, 31.1571, 62.0079)

[node name="platform22" parent="World/Platforms" instance=ExtResource("6_sdmev")]
transform = Transform3D(-0.141056, 0, 0.990002, 0, 1, 0, -0.990002, 0, -0.141056, -59.1313, 34.0106, 53.5547)

[node name="platform-medium21" parent="World/Platforms" instance=ExtResource("7_ixpj3")]
transform = Transform3D(-0.212911, 0, 0.977071, 0, 1, 0, -0.977071, 0, -0.212911, -42.9431, 31.2794, 51.0332)

[node name="platform-medium22" parent="World/Platforms" instance=ExtResource("7_ixpj3")]
transform = Transform3D(-0.212911, 0, 0.977071, 0, 1, 0, -0.977071, 0, -0.212911, -33.2901, 33.8087, 46.6555)

[node name="platform-medium23" parent="World/Platforms" instance=ExtResource("7_ixpj3")]
transform = Transform3D(-0.212909, 0.000677172, 0.977071, 0.00583566, 0.999983, 0.000578568, -0.977054, 0.00582503, -0.212909, -33.1742, 35.1119, 42.391)

[node name="platform-medium24" parent="World/Platforms" instance=ExtResource("7_ixpj3")]
transform = Transform3D(-0.212911, 0, 0.977071, 0, 1, 0, -0.977071, 0, -0.212911, -28.7416, 36.7571, 38.4846)

[node name="platform-medium25" parent="World/Platforms" instance=ExtResource("7_ixpj3")]
transform = Transform3D(-0.212911, 0, 0.977071, 0, 1, 0, -0.977071, 0, -0.212911, -29.6128, 35.8657, 43.296)

[node name="platform-medium26" parent="World/Platforms" instance=ExtResource("7_ixpj3")]
transform = Transform3D(-0.212911, 0, 0.977071, 0, 1, 0, -0.977071, 0, -0.212911, -62.8948, 34.4243, 53.8166)

[node name="platform-medium27" parent="World/Platforms" instance=ExtResource("7_ixpj3")]
transform = Transform3D(0.258246, 0, 0.966079, 0, 1, 0, -0.966079, 0, 0.258246, -47.7982, 32.149, 62.6603)

[node name="platform-falling13" parent="World/Platforms" instance=ExtResource("9_2fnpo")]
transform = Transform3D(-0.286206, 0, 0.958168, 0, 1, 0, -0.958168, 0, -0.286206, -42.499, 31.5764, 54.8637)

[node name="platform-falling14" parent="World/Platforms" instance=ExtResource("9_2fnpo")]
transform = Transform3D(-0.286206, 0, 0.958168, 0, 1, 0, -0.958168, 0, -0.286206, -39.9632, 31.9914, 48.7079)

[node name="platform-falling15" parent="World/Platforms" instance=ExtResource("9_2fnpo")]
transform = Transform3D(-0.286206, 0, 0.958168, 0, 1, 0, -0.958168, 0, -0.286206, -36.9298, 32.8702, 47.1577)

[node name="platform-falling16" parent="World/Platforms" instance=ExtResource("9_2fnpo")]
transform = Transform3D(-0.0110137, 0, 0.99994, 0, 1, 0, -0.99994, 0, -0.0110137, -43.1761, 30.8417, 58.584)

[node name="platform-falling17" parent="World/Platforms" instance=ExtResource("9_2fnpo")]
transform = Transform3D(-0.448243, 0, 0.893912, 0, 1, 0, -0.893912, 0, -0.448243, -50.5844, 32.9874, 59.7732)

[node name="platform-grass-large-round8" parent="World/Platforms" instance=ExtResource("8_4oh1e")]
transform = Transform3D(-0.115474, 0, 0.993311, 0, 1, 0, -0.993311, 0, -0.115474, -54.2089, 32.5954, 57.1946)

[node name="platform23" parent="World/Platforms" instance=ExtResource("6_sdmev")]
transform = Transform3D(-0.115474, 0, 0.993311, 0, 1, 0, -0.993311, 0, -0.115474, -55.664, 33.3759, 53.3368)

[node name="platform-medium28" parent="World/Platforms" instance=ExtResource("7_ixpj3")]
transform = Transform3D(3.75908, 0, 2.63749, 0, 2, 0, -3.29686, 0, 3.00727, -76.6874, 24.5351, 21.3837)

[node name="platform-medium29" parent="World/Platforms" instance=ExtResource("7_ixpj3")]
transform = Transform3D(0.907751, -0.000879683, -0.419509, -0.0057879, 0.999876, -0.0146208, 0.41947, 0.0157002, 0.907633, -13.385, 13.3952, -48.489)

[node name="platform24" parent="World/Platforms" instance=ExtResource("6_sdmev")]
transform = Transform3D(0.819652, 0, -0.572862, 0, 1, 0, 0.572862, 0, 0.819652, -10.086, 12.4633, -46.3286)

[node name="platform-medium30" parent="World/Platforms" instance=ExtResource("7_ixpj3")]
transform = Transform3D(0.997842, 0.00481872, -0.065474, -0.0057879, 0.999876, -0.0146208, 0.065394, 0.0149683, 0.997748, -18.0028, 13.1604, -49.739)

[node name="platform-grass-large-round9" parent="World/Platforms" instance=ExtResource("8_4oh1e")]
transform = Transform3D(2, 0, 0, 0, 1, 0, 0, 0, 2, -21.2525, 5.79604, -2.66232)

[node name="platform-grass-large-round10" parent="World/Platforms" instance=ExtResource("8_4oh1e")]
transform = Transform3D(2.83766, 0, 0.973486, 0, 1.5, 0, -0.973486, 0, 2.83766, 12.1328, 1.06112, 2.89385)

[node name="platform25" parent="World/Platforms" instance=ExtResource("6_sdmev")]
transform = Transform3D(0.439923, 0, 0.898035, 0, 1, 0, -0.898035, 0, 0.439923, 15.9862, 3.52411, 11.0271)

[node name="platform26" parent="World/Platforms" instance=ExtResource("6_sdmev")]
transform = Transform3D(0.990852, 0, 0.134954, -0.00211271, 0.999877, 0.0155117, -0.134938, -0.015655, 0.99073, 3.03642, 2.04868, 4.31288)

[node name="platform-grass-large-round11" parent="World/Platforms" instance=ExtResource("8_4oh1e")]
transform = Transform3D(0.860297, 0, -0.509793, 0, 1, 0, 0.509793, 0, 0.860297, -59.0369, 21.2406, 8.79675)

[node name="platform-medium31" parent="World/Platforms" instance=ExtResource("7_ixpj3")]
transform = Transform3D(1.57719, 0.0203315, 1.22953, -0.0115758, 1.49981, -0.0292416, -1.22977, 0.0119575, 1.57715, -67.811, 23.497, 13.5305)

[node name="platform27" parent="World/Platforms" instance=ExtResource("6_sdmev")]
transform = Transform3D(0.766863, 0, 0.641811, 0, 1, 0, -0.641811, 0, 0.766863, -62.7108, 22.2069, 11.6683)

[node name="platform28" parent="World/Platforms" instance=ExtResource("6_sdmev")]
transform = Transform3D(-0.274865, 0, -0.961483, 0, 1, 0, 0.961483, 0, -0.274865, -76.434, 31.9832, 40.0729)

[node name="platform29" parent="World/Platforms" instance=ExtResource("6_sdmev")]
transform = Transform3D(-0.935296, 0, 0.353866, 0, 1, 0, -0.353866, 0, -0.935296, -83.6743, 30.4731, 38.8031)

[node name="platform-medium32" parent="World/Platforms" instance=ExtResource("7_ixpj3")]
transform = Transform3D(-0.438198, 0, -0.898878, 0, 1, 0, 0.898878, 0, -0.438198, -82.913, 29.3707, 35.8019)

[node name="platform-medium33" parent="World/Platforms" instance=ExtResource("7_ixpj3")]
transform = Transform3D(-1.03523, 0.00118877, 1.08549, 0.0173957, 0.999888, 0.0141266, -1.08535, 0.0148921, -1.03514, -85.2557, 26.4065, 27.0204)

[node name="platform-falling18" parent="World/Platforms" instance=ExtResource("9_2fnpo")]
transform = Transform3D(-0.679723, 0, -0.733469, 0, 1, 0, 0.733469, 0, -0.679723, -87.9117, 27.4466, 29.961)

[node name="platform-grass-large-round13" parent="World/Platforms" instance=ExtResource("8_4oh1e")]
transform = Transform3D(0.413057, 0, -0.910706, 0, 1, 0, 0.910706, 0, 0.413057, -90.1686, 28.0867, 33.2513)

[node name="platform31" parent="World/Platforms" instance=ExtResource("6_sdmev")]
transform = Transform3D(0.95221, 0, -0.305446, 0, 1, 0, 0.305446, 0, 0.95221, -86.5012, 28.8116, 34.586)

[node name="platform-medium34" parent="World/Platforms" instance=ExtResource("7_ixpj3")]
transform = Transform3D(-0.309149, 0, -0.951014, 0, 1, 0, 0.951014, 0, -0.309149, -79.9075, 30.8547, 39.4095)

[node name="platform-medium35" parent="World/Platforms" instance=ExtResource("7_ixpj3")]
transform = Transform3D(5.92486, 0, -0.631047, 0, 3, 0, 0.94657, 0, 3.94991, -18.7171, 10.1811, -34.1143)

[node name="platform-medium36" parent="World/Platforms" instance=ExtResource("7_ixpj3")]
transform = Transform3D(0.995121, 0, 0.0986598, 0, 1, 0, -0.0986598, 0, 0.995121, -6.1833, 6.38847, -17.2189)

[node name="Coins" type="Node" parent="World"]

[node name="coin" parent="World/Coins" instance=ExtResource("10_fwhys")]
transform = Transform3D(1, 0, 0, 0, 1, 0, 0, 0, 1, 0.350592, 3.2851, 4.80915)

[node name="coin11" parent="World/Coins" instance=ExtResource("10_fwhys")]
transform = Transform3D(1, 0, 0, 0, 1, 0, 0, 0, 1, -0.732386, 6.71887, 16.2833)

[node name="coin13" parent="World/Coins" instance=ExtResource("10_fwhys")]
transform = Transform3D(1, 0, 0, 0, 0.99947, -0.0325621, 0, 0.0325621, 0.99947, 5.6946, 9.59497, 20.584)

[node name="coin12" parent="World/Coins" instance=ExtResource("10_fwhys")]
transform = Transform3D(1, 0, 0, 0, 1, 0, 0, 0, 1, 3.88293, 7.50487, 16.444)

[node name="coin14" parent="World/Coins" instance=ExtResource("10_fwhys")]
transform = Transform3D(0.999994, 0.0035081, 0, -0.0035081, 0.999994, 0, 0, 0, 1, 0.558615, 8.95047, 19.4998)

[node name="coin10" parent="World/Coins" instance=ExtResource("10_fwhys")]
transform = Transform3D(0.999965, 0, 0.00834258, 0, 1, 0, -0.00834258, 0, 0.999965, -3.94192, 4.04357, 6.07207)

[node name="coin2" parent="World/Coins" instance=ExtResource("10_fwhys")]
transform = Transform3D(1, 0, 0, 0, 1, 0, 0, 0, 1, -8.81653, 5.81697, -4.31931)

[node name="coin3" parent="World/Coins" instance=ExtResource("10_fwhys")]
transform = Transform3D(1, 0, 0, 0, 1, 0, 0, 0, 1, -8.81653, 5.81697, -5.72423)

[node name="coin5" parent="World/Coins" instance=ExtResource("10_fwhys")]
transform = Transform3D(1, 0, 0, 0, 1, 0, 0, 0, 1, -11.7731, 5.95797, -2.28223)

[node name="coin6" parent="World/Coins" instance=ExtResource("10_fwhys")]
transform = Transform3D(1, 0, 0, 0, 1, 0, 0, 0, 1, -14.8111, 5.09737, 0.328574)

[node name="coin7" parent="World/Coins" instance=ExtResource("10_fwhys")]
transform = Transform3D(1, 0, 0, 0, 1, 0, 0, 0, 1, -14.8111, 6.09737, 0.328574)

[node name="coin8" parent="World/Coins" instance=ExtResource("10_fwhys")]
transform = Transform3D(1, 0, 0, 0, 1, 0, 0, 0, 1, -14.8324, 4.21037, 3.99354)

[node name="coin4" parent="World/Coins" instance=ExtResource("10_fwhys")]
transform = Transform3D(1, 0, 0, 0, 1, 0, 0, 0, 1, -8.81653, 5.81697, -7.05769)

[node name="coin9" parent="World/Coins" instance=ExtResource("10_fwhys")]
transform = Transform3D(-0.811248, 0, -0.584703, 0, 1, 0, 0.584703, 0, -0.811248, -53.3849, 20.1734, -10.6417)

[node name="coin15" parent="World/Coins" instance=ExtResource("10_fwhys")]
transform = Transform3D(-0.811248, 0, -0.584703, 0, 1, 0, 0.584703, 0, -0.811248, -52.5635, 20.1734, -9.50193)

[node name="coin16" parent="World/Coins" instance=ExtResource("10_fwhys")]
transform = Transform3D(-0.811248, 0, -0.584703, 0, 1, 0, 0.584703, 0, -0.811248, -52.1775, 20.3144, -14.023)

[node name="coin17" parent="World/Coins" instance=ExtResource("10_fwhys")]
transform = Transform3D(-0.811248, 0, -0.584703, 0, 1, 0, 0.584703, 0, -0.811248, -51.2395, 19.4538, -17.9173)

[node name="coin18" parent="World/Coins" instance=ExtResource("10_fwhys")]
transform = Transform3D(-0.811248, 0, -0.584703, 0, 1, 0, 0.584703, 0, -0.811248, -51.2395, 20.4538, -17.9173)

[node name="coin19" parent="World/Coins" instance=ExtResource("10_fwhys")]
transform = Transform3D(-0.986974, 0, -0.16088, 0, 1, 0, 0.16088, 0, -0.986974, -52.1823, 21.5582, -0.313762)

[node name="coin20" parent="World/Coins" instance=ExtResource("10_fwhys")]
transform = Transform3D(-0.811248, 0, -0.584703, 0, 1, 0, 0.584703, 0, -0.811248, -51.7838, 20.1734, -8.42016)

[node name="coin21" parent="World/Coins" instance=ExtResource("10_fwhys")]
transform = Transform3D(-0.115474, 0, 0.993311, 0, 1, 0, -0.993311, 0, -0.115474, -33.3922, 34.4673, 46.68)

[node name="coin22" parent="World/Coins" instance=ExtResource("10_fwhys")]
transform = Transform3D(-0.115474, 0.0323443, 0.992784, -2.32493e-09, 0.99947, -0.0325621, -0.993311, -0.00376011, -0.115414, -28.7773, 37.559, 38.4317)

[node name="coin23" parent="World/Coins" instance=ExtResource("10_fwhys")]
transform = Transform3D(-0.115474, 0, 0.993311, 0, 1, 0, -0.993311, 0, -0.115474, -33.2523, 35.8329, 42.3745)

[node name="coin24" parent="World/Coins" instance=ExtResource("10_fwhys")]
transform = Transform3D(-0.115474, 0, 0.993311, 0, 1, 0, -0.993311, 0, -0.115474, -29.627, 36.6345, 43.3242)

[node name="coin25" parent="World/Coins" instance=ExtResource("10_fwhys")]
transform = Transform3D(-0.123757, 0, 0.992313, 0, 1, 0, -0.992313, 0, -0.123757, -42.7629, 31.9144, 51.0566)

[node name="coin26" parent="World/Coins" instance=ExtResource("10_fwhys")]
transform = Transform3D(-0.115474, 0, 0.993311, 0, 1, 0, -0.993311, 0, -0.115474, -52.9235, 33.5655, 57.0892)

[node name="coin27" parent="World/Coins" instance=ExtResource("10_fwhys")]
transform = Transform3D(-0.115474, 0, 0.993311, 0, 1, 0, -0.993311, 0, -0.115474, -54.319, 33.5655, 57.2514)

[node name="coin28" parent="World/Coins" instance=ExtResource("10_fwhys")]
transform = Transform3D(-0.115474, 0, 0.993311, 0, 1, 0, -0.993311, 0, -0.115474, -50.5587, 33.7065, 59.7907)

[node name="coin29" parent="World/Coins" instance=ExtResource("10_fwhys")]
transform = Transform3D(-0.115474, 0, 0.993311, 0, 1, 0, -0.993311, 0, -0.115474, -47.6145, 32.8459, 62.507)

[node name="coin30" parent="World/Coins" instance=ExtResource("10_fwhys")]
transform = Transform3D(-0.115474, 0, 0.993311, 0, 1, 0, -0.993311, 0, -0.115474, -47.6145, 33.8459, 62.507)

[node name="coin31" parent="World/Coins" instance=ExtResource("10_fwhys")]
transform = Transform3D(-0.115474, 0, 0.993311, 0, 1, 0, -0.993311, 0, -0.115474, -43.9716, 31.9589, 62.1049)

[node name="coin32" parent="World/Coins" instance=ExtResource("10_fwhys")]
transform = Transform3D(-0.115474, 0, 0.993311, 0, 1, 0, -0.993311, 0, -0.115474, -62.782, 35.1092, 53.8429)

[node name="coin33" parent="World/Coins" instance=ExtResource("10_fwhys")]
transform = Transform3D(-0.115474, 0, 0.993311, 0, 1, 0, -0.993311, 0, -0.115474, -55.6436, 33.5655, 57.4053)

[node name="coin34" parent="World/Coins" instance=ExtResource("10_fwhys")]
transform = Transform3D(0.413057, 0, -0.910706, 0, 1, 0, 0.910706, 0, 0.413057, -91.3605, 29.0567, 33.7438)

[node name="coin35" parent="World/Coins" instance=ExtResource("10_fwhys")]
transform = Transform3D(0.413057, 0, -0.910706, 0, 1, 0, 0.910706, 0, 0.413057, -90.081, 29.0567, 33.1636)

[node name="coin36" parent="World/Coins" instance=ExtResource("10_fwhys")]
transform = Transform3D(-0.909164, 0, -0.416439, 0, 1, 0, 0.416439, 0, -0.909164, -85.1842, 27.0484, 26.9482)

[node name="coin37" parent="World/Coins" instance=ExtResource("10_fwhys")]
transform = Transform3D(-0.209312, 0, -0.97785, 0, 1, 0, 0.97785, 0, -0.209312, -82.862, 30.078, 35.7185)

[node name="coin38" parent="World/Coins" instance=ExtResource("10_fwhys")]
transform = Transform3D(0.413057, 0, -0.910706, 0, 1, 0, 0.910706, 0, 0.413057, -88.8666, 29.0567, 32.6128)

[node name="coin39" parent="World/Coins" instance=ExtResource("10_fwhys")]
transform = Transform3D(-0.209312, 0, -0.97785, 0, 1, 0, 0.97785, 0, -0.209312, -80.0168, 31.5585, 39.58)

[node name="Obstacles" type="Node" parent="World"]

[node name="ReflectiveGlass" parent="World/Obstacles" instance=ExtResource("7_8urhj")]
transform = Transform3D(0.0465333, 0, 0.0182934, 0, 0.05, 0, -0.0182934, 0, 0.0465333, -3.88618, 9.35747, -33.3214)

[node name="ReflectiveGlass2" parent="World/Obstacles" instance=ExtResource("7_8urhj")]
transform = Transform3D(0.05, 0, 0, 0, 0.05, 0, 0, 0, 0.05, -1.68625, 9.35747, -33.6332)

[node name="SpikeFloor" parent="World/Obstacles" instance=ExtResource("8_rv373")]
transform = Transform3D(0.0397523, -0.00444488, -1.94292e-10, 0, -1.74846e-09, 0.04, -0.00444488, -0.0397523, -1.73763e-09, -4.49367, 6.26837, -12.5728)

[node name="SpikeWall" parent="World/Obstacles" instance=ExtResource("9_3tvs6")]
transform = Transform3D(0.05, 0, 0, 0, 0.05, 0, 0, 0, 0.05, -5.82107, 6.88847, -17.1712)

[node name="Lava" parent="World/Obstacles" instance=ExtResource("10_5daeh")]
transform = Transform3D(0.07, 0, 0, 0, 0.07, 0, 0, 0, 0.07, -22.2287, 6.29604, -3.82972)

[node name="Lava2" parent="World/Obstacles" instance=ExtResource("10_5daeh")]
transform = Transform3D(0.06, 0, 0, 0, 0.06, 0, 0, 0, 0.06, -19.9349, 6.29604, -2.29326)

[node name="BigSpike" parent="World/Obstacles" instance=ExtResource("11_0po40")]
transform = Transform3D(0.0206139, 0, -0.0455529, 0, 0.05, 0, 0.0455529, 0, 0.0206139, -25.0061, 11.6811, -31.595)

[node name="BigSpike2" parent="World/Obstacles" instance=ExtResource("11_0po40")]
transform = Transform3D(0.0357676, 0, 0.0349382, 0, 0.05, 0, -0.0349382, 0, 0.0357676, -24.5435, 11.6811, -37.7609)

[node name="SpikeWall2" parent="World/Obstacles" instance=ExtResource("9_3tvs6")]
transform = Transform3D(0.05, 0, 0, 0, 0.05, 0, 0, 0, 0.05, 11.1408, 1.81112, -2.13569)

[node name="ReflectiveGlass3" parent="World/Obstacles" instance=ExtResource("7_8urhj")]
transform = Transform3D(0.0126609, 0, -0.0483705, 0, 0.05, 0, 0.0483705, 0, 0.0126609, 17.5761, 2.79207, 2.06571)

[node name="Enemies" type="Node" parent="World"]

[node name="Stationary" parent="World/Enemies" instance=ExtResource("20_y2gfc")]
transform = Transform3D(-0.277717, 0, -0.960663, 0, 1, 0, 0.960663, 0, -0.277717, 17.3376, 3.37731, 6.53877)

[node name="Stationary2" parent="World/Enemies" instance=ExtResource("20_y2gfc")]
transform = Transform3D(0.394438, 0, 0.637902, 0, 0.75, 0, -0.637902, 0, 0.394438, -18.9462, 6.29604, -2.09267)

[node name="Stationary3" parent="World/Enemies" instance=ExtResource("20_y2gfc")]
transform = Transform3D(0.287001, 0, 0.692915, 0, 0.75, 0, -0.692915, 0, 0.287001, -51.1576, 18.8405, -24.0012)

[node name="Stationary4" parent="World/Enemies" instance=ExtResource("20_y2gfc")]
transform = Transform3D(0.566967, 0, 0.490967, 0, 0.75, 0, -0.490967, 0, 0.566967, -82.0629, 25.5351, 22.181)

[node name="Stationary5" parent="World/Enemies" instance=ExtResource("20_y2gfc")]
transform = Transform3D(0.553462, 0, 0.506142, 0, 0.75, 0, -0.506142, 0, 0.553462, -80.0035, 25.5351, 20.067)

[node name="Stationary6" parent="World/Enemies" instance=ExtResource("20_y2gfc")]
transform = Transform3D(0.53008, 0, 0.53058, 0, 0.75, 0, -0.53058, 0, 0.53008, -77.5178, 25.5351, 18.1139)

[node name="Stationary7" parent="World/Enemies" instance=ExtResource("20_y2gfc")]
transform = Transform3D(0.538303, 0, 0.522235, 0, 0.75, 0, -0.522235, 0, 0.538303, -75.5491, 25.5351, 15.8748)

[node name="Stationary8" parent="World/Enemies" instance=ExtResource("20_y2gfc")]
transform = Transform3D(-0.523202, 0, -0.537363, 0, 0.75, 0, 0.537363, 0, -0.523202, -70.5743, 25.5351, 21.058)

[node name="Stationary9" parent="World/Enemies" instance=ExtResource("20_y2gfc")]
transform = Transform3D(-0.592472, 0, -0.459866, 0, 0.75, 0, 0.459866, 0, -0.592472, -72.9692, 25.5351, 23.1024)

[node name="Stationary10" parent="World/Enemies" instance=ExtResource("20_y2gfc")]
transform = Transform3D(-0.596597, 0, -0.454502, 0, 0.75, 0, 0.454502, 0, -0.596597, -75.1235, 25.5351, 25.4517)

[node name="Stationary11" parent="World/Enemies" instance=ExtResource("20_y2gfc")]
transform = Transform3D(-0.564983, 0, -0.493248, 0, 0.75, 0, 0.493248, 0, -0.564983, -77.5467, 25.6351, 27.1657)

[node name="Enviorment" type="Node" parent="World"]

[node name="cube8" parent="World/Enviorment" instance=ExtResource("13_drtpy")]
transform = Transform3D(1, 0, 0, 0, 1, 0, 0, 0, 1, -1.18414, 7.49893, -6.24558)

[node name="cube9" parent="World/Enviorment" instance=ExtResource("13_drtpy")]
transform = Transform3D(1.27593, -0.401864, 0.422933, 0.471408, 1.30937, -0.178025, -0.343721, 0.304009, 1.32582, 0.601735, 7.76293, -7.77279)

[node name="cube10" parent="World/Enviorment" instance=ExtResource("13_drtpy")]
transform = Transform3D(1.32811, 0.370441, 0.259369, -0.293866, 1.3186, -0.37854, -0.34372, 0.30401, 1.32582, -11.4686, 5.40417, -9.80572)

[node name="cube11" parent="World/Enviorment" instance=ExtResource("13_drtpy")]
transform = Transform3D(0.476646, 0.924607, 0.941422, -0.929853, 0.945559, -0.457882, -0.93624, -0.468385, 0.934042, -11.1815, 5.44677, 9.2812)

[node name="cube12" parent="World/Enviorment" instance=ExtResource("13_drtpy")]
transform = Transform3D(-1.02876, -0.695523, 0.652886, -0.929853, 0.945557, -0.457881, -0.213027, -0.768461, -1.15432, -10.9158, 6.20367, 11.515)

[node name="cube13" parent="World/Enviorment" instance=ExtResource("13_drtpy")]
transform = Transform3D(1.56209, -1.37982, 1.71508, 1.97375, 1.80907, -0.342241, -0.974547, 1.4522, 2.05595, -14.3045, 5.44677, -8.24191)

[node name="cube14" parent="World/Enviorment" instance=ExtResource("13_drtpy")]
transform = Transform3D(1.56209, -1.37982, 1.71508, 1.97375, 1.80907, -0.342241, -0.974547, 1.4522, 2.05595, -15.866, 5.44677, 7.83702)

[node name="cube15" parent="World/Enviorment" instance=ExtResource("13_drtpy")]
transform = Transform3D(0.571898, 0.968502, 0.838632, -0.929853, 0.945559, -0.457882, -0.881289, -0.369172, 1.02733, 15.5647, 2.73677, -7.66812)

[node name="cube16" parent="World/Enviorment" instance=ExtResource("13_drtpy")]
transform = Transform3D(-1.00086, -0.611387, 0.769968, -0.929853, 0.945557, -0.457881, -0.319394, -0.836954, -1.07975, 15.5955, 3.49367, -5.41878)

[node name="cube17" parent="World/Enviorment" instance=ExtResource("13_drtpy")]
transform = Transform3D(1.6554, -1.52406, 1.49078, 1.97375, 1.80907, -0.342241, -0.805927, 1.30001, 2.22396, 11.0569, 2.73677, -9.59407)

[node name="cube18" parent="World/Enviorment" instance=ExtResource("13_drtpy")]
transform = Transform3D(-0.876452, -0.478275, -0.985623, -0.293866, 1.3186, -0.37854, 1.05539, -0.0300295, -0.923914, -47.5515, 21.1771, -7.76724)

[node name="cube19" parent="World/Enviorment" instance=ExtResource("13_drtpy")]
transform = Transform3D(-0.697421, 0.27027, -2.59347, 1.97375, 1.80907, -0.342241, 1.70396, -1.98488, -0.665072, -44.3479, 21.1771, -9.70047)

[node name="cube20" parent="World/Enviorment" instance=ExtResource("13_drtpy")]
transform = Transform3D(-0.115474, 0, 0.993311, 0, 1, 0, -0.993311, 0, -0.115474, -55.8577, 32.7028, 48.7792)

[node name="cube21" parent="World/Enviorment" instance=ExtResource("13_drtpy")]
transform = Transform3D(-0.488761, 0.34838, 1.26811, 0.471408, 1.30937, -0.178025, -1.22771, 0.36407, -0.573201, -57.5808, 32.9669, 47.1817)

[node name="cube22" parent="World/Enviorment" instance=ExtResource("13_drtpy")]
transform = Transform3D(-0.494784, 0.2592, 1.287, -0.293866, 1.3186, -0.37854, -1.27954, -0.403068, -0.41073, -56.314, 33.1952, 59.2538)

[node name="cube23" parent="World/Enviorment" instance=ExtResource("13_drtpy")]
transform = Transform3D(-0.985017, -0.57202, 0.819079, -0.929853, 0.945559, -0.457882, -0.365345, -0.864334, -1.04298, -39.1409, 33.1952, 57.8679)

[node name="cube24" parent="World/Enviorment" instance=ExtResource("13_drtpy")]
transform = Transform3D(-0.0928062, -0.683007, -1.22199, -0.929853, 0.945557, -0.457881, 1.04648, 0.779609, -0.515227, -36.9527, 33.9521, 57.346)

[node name="cube25" parent="World/Enviorment" instance=ExtResource("13_drtpy")]
transform = Transform3D(-1.14841, 1.60182, 1.84415, 1.97375, 1.80907, -0.342241, -1.4391, 1.2029, -1.94102, -55.1999, 33.2038, 63.9594)

[node name="cube26" parent="World/Enviorment" instance=ExtResource("13_drtpy")]
transform = Transform3D(-1.14841, 1.60182, 1.84415, 1.97375, 1.80907, -0.342241, -1.4391, 1.2029, -1.94102, -40.0345, 33.1952, 62.6877)

[node name="cube27" parent="World/Enviorment" instance=ExtResource("13_drtpy")]
transform = Transform3D(0.413057, 0, -0.910706, 0, 1, 0, 0.910706, 0, 0.413057, -86.444, 29.3268, 41.6183)

[node name="cube28" parent="World/Enviorment" instance=ExtResource("13_drtpy")]
transform = Transform3D(0.840057, -0.442856, -1.03274, 0.471408, 1.30937, -0.178025, 1.02002, -0.240406, 0.932802, -84.3155, 29.5908, 42.6139)

[node name="cube29" parent="World/Enviorment" instance=ExtResource("13_drtpy")]
transform = Transform3D(-0.469701, -0.460437, -1.23925, -0.293866, 1.3186, -0.37854, 1.28895, 0.13284, -0.537894, -98.5549, 27.6035, 31.1926)

[node name="cube30" parent="World/Enviorment" instance=ExtResource("13_drtpy")]
transform = Transform3D(-0.0826532, -0.414162, -2.66593, 1.97375, 1.80907, -0.342241, 1.83931, -1.95991, 0.247447, -96.1897, 28.6625, 28.2932)

[node name="cube31" parent="World/Enviorment" instance=ExtResource("13_drtpy")]
transform = Transform3D(0.7536, 1.02636, 0.58911, -0.929853, 0.945559, -0.457882, -0.732002, -0.144495, 1.18813, 5.19976, 7.93732, -38.4445)

[node name="cube32" parent="World/Enviorment" instance=ExtResource("13_drtpy")]
transform = Transform3D(-0.904739, -0.409904, 0.990852, -0.929853, 0.945557, -0.457881, -0.534017, -0.951979, -0.881434, 4.72941, 8.69422, -36.2447)

